1000_1.txt,1,260,76.64,85.06,29.06,47.08,23.64,15.38,82.31,52.31,15.00,6.92,1.92,3.46,0.77,0.00,0.77,8.08,10.38,11.92,6.15,4.62,7.31,0.00,14.23,3.85,1.92,3.46,1.54,3.46,2.69,1.92,0.77,0.00,0.38,0.38,10.00,0.00,0.00,0.00,0.00,9.23,1.92,3.08,1.15,2.31,0.00,1.92,1.54,1.15,0.38,0.00,0.77,0.38,0.38,0.00,0.00,5.77,4.23,1.15,0.38,0.00,0.00,4.62,10.00,0.00,13.08,0.77,6.92,5.38,2.69,0.38,0.00,0.00,2.69,0.00,0.00,0.00,0.00,0.00,0.00,0.00,12.69,2.69,5.38,0.38,0.00,1.54,0.00,0.38,0.77,0.77,0.77,0.00
1000_2.txt,1,153,89.65,37.19,28.81,83.75,25.50,23.53,83.66,53.59,9.15,2.61,0.65,0.65,0.00,0.00,1.31,6.54,11.11,17.65,7.19,3.92,9.80,1.96,13.07,7.84,7.19,1.96,1.31,2.61,4.58,3.92,0.65,0.00,0.00,0.00,3.27,0.00,0.00,0.00,0.00,13.07,2.61,2.61,2.61,1.31,1.31,4.58,1.31,0.00,0.65,0.00,1.96,0.65,0.65,0.00,0.65,4.58,1.96,1.31,1.96,1.31,0.00,1.96,10.46,0.00,12.42,1.31,9.80,1.31,1.96,3.27,0.00,0.00,2.61,0.00,0.65,0.00,0.00,0.65,0.00,0.00,13.07,3.92,3.92,0.65,0.00,0.00,0.00,0.65,0.00,3.27,0.00,0.65
1000_3.txt,1,274,89.16,68.23,58.33,79.11,30.44,24.82,83.21,51.09,9.49,4.38,2.19,2.19,0.00,0.00,0.00,5.11,9.12,16.79,7.30,4.01,8.39,0.36,12.04,4.01,1.46,0.36,2.19,1.09,3.65,3.28,0.36,0.00,0.00,0.00,6.20,0.00,0.00,0.00,0.00,6.93,2.55,1.46,0.00,0.36,1.46,1.09,4.01,1.82,1.46,0.36,1.46,0.00,0.36,0.73,0.36,8.03,3.65,2.19,1.09,1.46,0.00,3.65,8.03,2.19,16.42,1.09,9.49,6.20,3.28,1.82,0.36,0.00,1.46,0.00,0.36,0.00,0.00,0.00,0.36,0.00,8.39,2.55,2.55,0.00,0.00,0.73,0.00,0.00,0.00,2.55,0.00,0.00
1000_4.txt,1,282,95.99,73.84,35.64,72.27,23.50,18.79,82.62,47.16,5.67,2.13,0.71,1.06,0.00,0.00,0.35,3.55,9.57,16.67,6.03,3.55,6.38,1.06,9.93,4.96,2.13,0.35,3.55,2.48,3.19,2.84,0.35,0.00,0.00,0.00,8.16,0.00,0.35,0.00,0.00,8.87,0.35,2.84,0.71,3.90,1.06,1.06,3.55,1.06,2.13,0.35,0.00,0.00,0.00,0.00,0.00,7.45,2.13,3.55,1.06,1.06,0.35,4.61,5.67,0.00,17.38,0.71,7.09,8.87,4.26,3.55,0.00,0.00,1.77,0.00,1.06,0.00,0.71,0.35,0.00,0.00,13.12,4.26,3.90,0.35,0.35,0.00,0.00,0.71,0.71,0.00,2.84,0.00
1001_1.txt,1,136,65.31,64.36,33.13,38.87,34.00,27.21,76.47,48.53,15.44,9.56,5.15,0.00,2.94,1.47,0.00,5.88,5.88,11.76,6.62,4.41,5.88,0.74,10.29,5.15,1.47,3.68,2.94,1.47,5.88,2.94,2.21,0.00,0.74,0.00,8.09,0.00,0.00,0.00,1.47,8.82,2.21,2.94,0.00,1.47,2.21,1.47,2.94,1.47,0.00,0.00,0.74,0.74,0.00,0.00,0.00,3.68,0.00,0.74,1.47,0.74,0.74,4.41,7.35,0.00,11.03,2.21,5.88,2.94,2.94,0.00,0.00,0.00,2.21,0.00,1.47,0.00,1.47,0.00,0.00,0.00,23.53,12.50,2.21,0.00,0.00,0.00,0.00,2.94,0.00,1.47,1.47,2.94
1001_2.txt,1,128,97.03,68.03,85.48,55.21,42.67,17.97,86.72,46.88,6.25,3.91,1.56,0.78,0.00,0.78,0.78,2.34,10.16,16.41,3.91,3.91,7.03,0.00,12.50,3.12,1.56,1.56,1.56,3.91,3.12,2.34,0.78,0.00,0.78,0.00,7.81,0.00,0.00,0.78,1.56,8.59,2.34,0.78,1.56,5.47,0.78,2.34,1.56,0.78,0.78,0.00,0.00,0.00,0.00,0.00,0.00,8.59,0.78,3.12,3.91,3.12,0.00,1.56,7.81,1.56,23.44,3.12,14.84,6.25,7.03,3.91,0.00,0.00,0.00,0.00,0.00,0.00,0.00,0.00,0.00,0.00,17.19,14.06,1.56,0.00,0.00,0.00,0.00,0.78,0.00,0.78,0.00,0.00
1001_3.txt,1,174,78.78,67.71,40.39,97.32,34.80,19.54,82.76,45.98,12.64,7.47,3.45,0.57,0.00,1.72,1.72,5.17,8.62,11.49,5.17,4.02,7.47,0.57,10.92,5.17,3.45,2.87,1.15,3.45,6.32,5.75,0.57,0.00,0.00,0.57,10.34,0.00,0.00,0.57,1.15,12.07,1.72,1.72,1.15,2.30,4.60,2.30,1.72,0.57,0.57,0.57,1.72,0.00,0.57,0.00,0.57,7.47,2.30,1.72,2.87,2.30,0.00,1.72,8.62,1.15,14.94,2.87,8.05,4.02,4.02,1.15,0.00,1.72,1.72,0.00,0.00,0.00,0.00,0.00,0.00,0.00,26.44,17.24,4.60,0.00,0.00,0.00,0.00,1.15,0.00,0.57,1.15,1.72
1001_4.txt,1,177,71.51,61.13,22.08,90.77,16.09,22.03,81.36,49.72,8.47,2.82,1.13,0.56,0.56,0.00,0.56,5.65,6.78,12.43,7.91,7.34,7.34,1.13,15.82,3.95,1.13,2.82,2.26,3.95,5.08,4.52,0.56,0.00,0.56,0.00,9.04,0.00,0.00,0.00,0.00,12.99,2.82,0.56,2.82,5.08,1.13,5.08,2.26,0.56,1.69,0.00,3.95,1.13,1.13,0.00,2.26,3.95,0.56,1.13,1.69,0.56,0.00,0.56,11.30,0.56,10.17,2.82,6.21,1.69,2.26,0.00,0.00,0.56,0.00,0.00,1.69,0.00,0.00,0.00,1.69,0.00,22.60,12.99,6.78,0.00,0.00,1.13,0.00,0.00,0.00,1.69,0.00,0.00
1002_1.txt,1,296,97.29,30.62,86.81,25.77,29.60,21.28,86.49,48.65,7.09,5.74,5.07,0.00,0.34,0.00,0.34,1.35,7.43,20.61,6.08,5.07,2.70,1.01,10.47,3.72,1.35,1.69,2.03,2.36,6.76,3.38,3.38,0.00,1.35,1.35,3.72,0.68,0.00,0.00,0.68,12.84,4.05,2.03,0.34,3.38,2.03,3.04,3.38,2.36,0.68,0.34,6.42,1.35,4.73,0.00,0.34,4.05,1.35,0.68,2.03,0.34,0.00,2.70,8.11,0.34,15.88,0.34,11.15,4.39,2.03,1.01,1.35,0.34,2.03,0.00,0.34,0.00,0.00,0.34,0.00,0.00,8.45,1.01,1.69,0.00,0.00,2.03,0.34,1.01,0.00,1.69,0.68,0.00
1002_2.txt,1,233,93.26,41.52,21.71,6.59,23.30,21.46,81.12,39.91,6.87,3.43,2.15,0.43,0.00,0.86,0.00,3.43,5.58,15.88,3.00,2.58,5.58,3.43,9.44,6.01,2.15,2.15,3.43,3.86,6.44,2.15,3.86,0.00,1.72,1.72,7.73,0.00,0.00,0.00,0.86,11.16,1.72,1.72,0.43,3.86,0.43,4.72,3.43,0.43,1.29,1.72,7.73,1.72,4.72,0.43,1.29,5.15,0.86,1.72,3.00,0.00,0.00,3.43,6.01,0.43,9.01,0.00,6.87,2.15,5.15,0.43,1.29,1.72,4.72,0.43,0.43,0.00,0.00,0.43,0.00,0.00,21.46,2.58,6.01,0.86,0.00,2.15,0.43,1.72,0.00,3.43,4.29,0.00
1002_3.txt,1,299,80.26,66.81,50.47,75.43,37.38,29.77,82.94,37.46,7.36,4.68,0.67,2.34,0.33,1.00,0.33,2.68,3.68,11.37,2.01,4.35,8.03,2.34,11.71,4.68,1.34,2.34,1.00,2.68,4.01,3.34,0.67,0.33,0.00,0.33,10.03,0.33,0.33,0.33,1.00,11.37,2.68,0.00,0.67,3.68,2.34,5.35,0.67,0.33,0.33,0.00,4.35,0.33,4.01,0.00,0.00,9.36,4.01,1.00,4.01,0.67,0.33,3.34,6.69,1.34,14.05,1.67,7.36,5.35,9.36,0.00,1.00,1.00,6.35,0.00,1.00,0.00,0.33,0.33,0.33,0.00,12.71,2.34,5.69,0.00,0.00,0.67,0.00,0.67,0.00,2.01,0.67,0.67
1002_4.txt,1,319,98.42,74.49,43.79,4.04,31.90,21.32,87.77,46.71,6.90,4.39,0.31,0.63,0.31,1.88,1.25,2.19,10.66,18.50,3.45,4.08,4.39,0.94,10.97,4.08,0.94,0.94,0.94,1.88,5.96,1.88,4.08,0.00,0.00,2.82,10.34,0.31,0.00,1.25,1.57,16.61,4.70,3.45,0.94,5.33,3.13,3.45,2.51,1.25,0.31,0.94,4.08,0.94,3.13,0.00,0.00,6.90,2.82,0.94,2.82,0.00,1.25,3.45,6.58,0.63,14.42,2.19,8.15,4.08,1.88,1.25,0.31,0.63,5.33,0.00,0.00,0.00,0.00,0.00,0.00,0.00,7.52,2.19,1.88,0.31,0.00,0.63,0.31,0.31,0.00,0.63,0.63,0.63
1003_1.txt,1,345,90.48,75.68,64.25,82.75,28.75,26.09,79.13,43.48,7.83,4.06,0.00,2.61,0.00,0.00,1.45,3.77,7.25,13.91,4.93,2.61,7.25,1.16,9.28,4.93,2.32,0.87,1.16,1.74,4.35,3.77,0.58,0.29,0.00,0.29,7.83,0.00,0.29,0.00,0.58,8.99,2.03,2.03,1.16,1.16,0.29,2.32,0.87,0.29,0.00,0.58,0.58,0.58,0.00,0.00,0.00,10.43,3.19,3.48,4.06,0.87,0.58,2.32,6.09,0.58,20.00,1.74,12.46,5.80,5.22,0.58,0.00,0.58,0.29,0.00,0.00,0.00,0.00,0.00,0.00,0.00,9.28,3.48,4.06,0.00,0.00,0.00,0.00,0.29,0.00,0.58,0.58,0.29
1003_2.txt,1,407,93.93,54.88,27.68,21.97,19.38,27.52,73.71,40.05,5.41,0.74,0.00,0.00,0.00,0.25,0.49,4.67,8.85,12.53,5.65,2.70,6.88,0.00,7.86,7.13,4.91,0.74,6.88,2.21,2.21,0.98,1.23,0.25,0.00,0.49,3.44,0.00,0.00,0.25,0.00,6.88,1.23,1.47,0.98,1.97,0.74,2.21,1.23,0.00,0.25,0.00,1.97,0.25,1.47,0.00,0.25,6.88,0.74,1.72,3.44,0.49,0.74,1.97,5.16,0.74,15.23,0.49,12.78,2.46,5.41,0.00,0.00,1.47,0.49,0.00,0.25,0.00,0.00,0.00,0.25,0.00,15.23,5.16,5.90,0.25,0.00,0.00,0.00,1.23,0.00,0.74,1.97,0.00
1003_3.txt,1,277,97.16,59.99,37.78,45.67,21.31,22.74,81.59,46.93,5.05,1.44,0.00,0.72,0.00,0.00,0.72,3.61,10.47,16.61,7.94,2.53,5.42,0.36,10.11,4.69,1.81,0.72,0.72,1.44,7.58,4.33,3.25,0.36,2.17,0.36,3.97,0.00,0.00,0.00,0.36,10.11,1.81,3.61,1.81,1.81,0.72,1.81,0.72,0.00,0.00,0.00,0.00,0.00,0.00,0.00,0.00,11.55,2.53,2.89,5.42,1.81,1.08,2.53,8.30,2.53,17.33,1.08,11.19,5.42,4.33,0.00,0.00,0.36,0.00,0.72,0.36,0.00,0.00,0.00,0.36,0.00,5.78,4.69,0.72,0.00,0.00,0.00,0.00,0.36,0.00,0.00,0.00,0.00
1003_4.txt,1,334,97.13,61.78,25.59,70.81,22.27,26.35,66.47,38.92,4.49,2.10,0.00,0.90,0.00,0.60,0.60,2.40,7.19,15.57,5.39,2.69,3.29,1.20,6.59,1.80,0.30,0.30,3.89,0.60,4.79,3.59,1.20,0.00,0.30,0.60,5.09,0.30,0.00,0.30,0.60,6.29,1.20,1.20,0.90,0.60,1.50,1.80,0.60,0.00,0.00,0.00,1.20,0.30,0.60,0.00,0.30,8.98,2.40,2.40,3.59,0.60,1.80,1.80,3.59,0.60,15.57,0.30,11.38,3.89,4.49,0.60,0.90,1.50,0.30,0.30,0.30,0.00,0.00,0.00,0.30,0.00,14.67,4.79,5.99,0.00,0.30,0.00,0.00,0.30,0.00,0.90,2.40,0.00
1004_1.txt,1,254,78.63,34.68,84.80,63.09,9.41,17.72,72.44,43.70,10.63,6.69,4.72,0.39,1.18,0.39,0.00,3.94,6.69,11.02,4.72,5.12,5.12,1.97,12.60,2.36,0.00,0.79,2.76,0.39,3.54,2.76,0.79,0.39,0.39,0.00,4.33,0.00,0.79,0.79,0.39,8.27,1.57,0.79,0.39,2.36,0.39,3.15,1.18,0.00,0.79,0.00,1.57,0.39,0.39,0.00,0.79,5.91,1.97,1.97,1.57,0.39,0.39,2.36,8.66,1.18,18.50,1.57,8.27,8.66,2.36,0.39,0.00,0.00,0.00,0.79,1.57,0.00,1.57,0.00,0.00,0.00,27.17,9.84,11.02,0.39,0.00,0.79,0.00,1.57,2.36,1.18,0.00,0.00
1004_2.txt,1,230,55.16,36.39,85.66,1.57,15.33,10.87,86.52,60.00,17.83,10.87,8.70,0.00,0.43,1.30,0.43,6.96,6.52,15.22,11.30,6.52,3.91,1.30,16.52,3.04,2.61,0.87,1.74,2.17,3.04,0.00,3.04,2.17,1.30,0.00,8.70,1.74,0.43,3.48,0.43,7.83,2.17,0.43,0.43,0.87,1.30,2.61,2.61,0.87,0.87,0.87,0.43,0.00,0.43,0.00,0.00,5.65,2.17,0.43,2.17,0.87,0.87,2.61,11.30,0.43,15.65,1.30,9.13,5.65,0.87,2.17,2.61,0.00,0.00,0.00,0.00,0.00,0.00,0.00,0.00,0.00,13.48,7.39,5.65,0.00,0.00,0.00,0.00,0.43,0.00,0.00,0.00,0.00
1004_3.txt,1,243,38.32,45.10,93.39,19.62,15.19,14.40,90.95,61.73,21.40,16.05,12.35,0.00,2.88,0.00,0.82,4.94,4.53,16.05,9.88,5.76,6.17,2.47,13.58,3.70,3.29,2.88,2.47,2.47,1.23,0.41,0.82,0.41,0.82,0.00,13.58,2.06,0.82,2.47,0.41,9.47,1.23,0.41,1.23,2.88,0.82,2.88,1.65,0.82,0.41,0.41,0.82,0.00,0.82,0.00,0.00,7.00,4.12,0.41,2.06,0.41,0.82,5.35,4.94,0.00,14.81,1.65,8.64,4.53,1.23,2.88,1.65,1.23,0.00,0.41,0.00,0.00,0.00,0.00,0.00,0.00,16.05,6.58,8.23,0.00,0.00,0.00,0.00,0.41,0.82,0.00,0.00,0.00
1004_4.txt,1,287,24.38,62.32,77.01,38.13,23.92,14.63,89.55,64.46,19.16,12.20,6.97,1.05,3.83,0.00,0.35,6.97,5.57,13.24,10.10,8.01,9.06,3.14,15.68,4.18,1.74,2.44,0.70,1.05,4.88,2.79,2.09,0.35,1.39,0.00,13.59,0.70,0.35,1.74,1.39,13.94,2.44,1.74,1.74,3.48,1.05,5.23,0.70,0.00,0.00,0.35,0.70,0.00,0.70,0.00,0.00,6.97,2.79,0.70,4.53,0.00,0.35,2.79,11.50,3.48,12.54,0.35,5.92,6.62,0.35,0.70,0.70,0.00,0.00,0.00,0.35,0.00,0.35,0.00,0.00,0.00,12.89,4.18,7.67,0.00,0.00,0.00,0.00,0.70,0.00,0.35,0.00,0.00
1005_1.txt,1,220,92.37,72.26,6.31,76.23,24.44,34.55,66.36,40.91,5.45,2.27,0.00,0.00,1.82,0.00,0.45,3.18,7.27,13.64,7.73,3.64,5.00,0.00,9.09,4.09,2.73,2.73,0.91,2.73,2.73,2.73,0.00,0.00,0.00,0.00,4.55,0.45,0.00,0.45,0.00,3.64,0.45,0.91,0.45,1.36,0.45,0.45,0.45,0.00,0.00,0.45,2.27,1.82,0.45,0.00,0.00,5.45,0.91,0.00,2.27,2.27,0.00,0.00,8.64,0.00,11.36,0.91,10.45,0.00,0.45,3.18,0.00,0.00,1.82,0.00,0.00,0.00,0.00,0.00,0.00,0.00,12.27,4.09,7.73,0.00,0.00,0.00,0.00,0.00,0.00,0.45,0.00,0.00
1005_2.txt,1,259,84.80,62.14,6.63,75.85,16.19,25.48,71.43,45.17,6.95,0.77,0.00,0.00,0.77,0.00,0.00,6.18,6.56,13.51,7.72,5.02,6.18,0.77,7.72,3.86,2.70,2.32,0.77,3.09,2.70,2.70,0.00,0.00,0.00,0.00,5.02,0.00,0.39,0.00,0.00,3.86,0.00,0.00,0.00,1.16,0.77,1.93,0.77,0.77,0.00,0.00,2.32,0.77,0.39,0.39,0.77,3.09,1.16,0.39,1.16,0.77,0.00,0.39,7.34,1.16,10.04,1.54,7.72,0.77,0.00,4.63,0.39,0.00,1.54,0.00,0.00,0.00,0.00,0.00,0.00,0.00,9.27,6.18,3.09,0.00,0.00,0.00,0.00,0.00,0.00,0.00,0.00,0.00
1005_3.txt,1,213,77.60,57.45,12.46,77.59,21.30,20.19,71.36,43.19,6.10,0.00,0.00,0.00,0.00,0.00,0.00,6.10,7.51,10.80,10.80,4.69,7.04,0.00,11.74,7.98,7.04,2.35,1.88,5.63,2.82,2.82,0.00,0.00,0.00,0.00,2.82,0.00,0.00,0.00,0.00,3.29,1.88,0.00,0.00,0.47,0.00,0.94,1.41,1.41,0.00,0.00,0.94,0.47,0.47,0.00,0.00,0.94,0.47,0.00,0.47,0.00,0.00,0.94,10.80,0.47,11.27,2.35,8.92,0.00,0.47,0.47,0.47,0.47,3.29,0.94,0.94,0.00,0.00,0.00,0.94,0.00,12.68,4.69,6.57,0.00,0.47,0.00,0.00,0.00,0.00,0.94,0.00,0.00
1005_4.txt,1,220,88.56,60.76,26.73,87.86,20.00,26.82,78.64,51.36,11.36,2.27,0.00,0.45,1.36,0.00,0.45,9.09,8.18,16.82,7.73,4.09,4.09,1.82,9.55,4.09,1.82,1.82,0.91,2.27,4.55,4.09,0.45,0.00,0.45,0.00,5.00,0.00,0.00,0.00,0.45,10.00,2.27,1.82,0.00,1.82,3.18,2.27,0.91,0.45,0.00,0.00,0.91,0.00,0.00,0.00,0.00,5.00,1.36,1.36,3.18,0.45,0.00,0.91,10.91,0.45,12.73,0.91,11.36,0.45,0.45,1.36,0.91,0.91,0.45,0.00,0.45,0.00,0.00,0.45,0.00,0.00,6.82,5.00,0.45,0.45,0.00,0.00,0.00,0.00,0.00,0.91,0.00,0.00
1006_1.txt,1,348,91.83,63.49,33.18,58.39,26.77,17.53,79.89,49.71,8.05,3.16,0.00,0.29,0.00,1.72,1.15,4.89,8.62,16.38,7.47,4.60,4.60,1.72,15.80,4.31,2.30,1.72,2.59,2.01,5.46,3.45,1.72,0.57,0.29,0.57,7.18,0.00,0.86,0.00,2.01,8.05,2.59,0.86,1.15,0.86,1.44,2.30,1.15,0.86,0.29,0.00,0.57,0.29,0.29,0.00,0.00,10.92,2.87,3.74,4.89,3.16,0.57,4.60,9.48,1.15,16.38,2.59,6.03,8.62,2.30,2.30,0.00,0.86,0.29,0.00,0.00,0.00,0.00,0.00,0.00,0.00,8.62,3.74,3.74,0.00,0.00,0.00,0.00,0.00,0.00,1.15,0.00,0.00
1006_2.txt,1,315,69.91,73.73,6.16,73.23,17.50,15.24,84.44,53.97,11.75,6.98,0.00,0.32,0.00,6.35,0.32,4.76,6.67,14.60,13.33,2.86,5.08,1.90,17.78,4.76,3.17,1.27,3.49,0.95,5.71,4.13,1.59,0.00,0.63,0.32,12.38,0.00,0.32,0.00,6.67,13.65,1.90,0.95,3.81,0.95,2.54,4.44,0.63,0.32,0.00,0.32,0.95,0.32,0.00,0.00,0.00,10.16,3.49,2.54,4.44,1.59,0.00,3.49,9.84,1.90,15.56,1.90,6.03,7.94,4.13,2.86,0.00,1.59,0.32,0.32,0.00,0.00,0.00,0.00,0.00,0.00,9.21,5.40,1.27,0.00,0.00,0.32,0.00,0.00,0.00,2.22,0.00,0.00
1006_3.txt,1,225,97.16,78.82,32.18,33.44,28.12,16.89,82.22,47.56,8.89,4.89,0.00,0.00,1.33,0.89,2.67,4.00,11.11,16.89,4.44,3.56,4.89,0.44,10.22,2.67,1.33,0.89,4.89,2.22,5.78,3.11,2.67,0.44,1.33,0.44,10.67,0.00,0.00,0.00,2.22,10.67,0.44,0.44,1.78,3.11,2.67,3.56,2.22,1.78,0.44,0.00,2.22,0.44,0.00,0.44,0.89,9.78,3.56,3.11,4.89,1.33,0.44,2.67,6.22,0.00,16.89,1.78,7.11,8.00,2.67,2.67,0.00,0.00,0.44,0.44,0.44,0.00,0.00,0.00,0.44,0.00,8.44,3.56,1.78,0.00,0.00,0.00,0.00,0.89,0.00,2.22,0.00,0.00
1006_4.txt,1,251,80.00,64.02,48.11,55.83,22.82,17.13,75.70,48.21,9.56,5.98,0.80,0.40,0.00,1.59,3.19,3.59,7.97,12.35,8.76,4.78,5.58,0.80,13.55,3.59,1.20,0.40,1.59,2.39,3.98,2.79,1.20,0.00,0.00,0.00,8.37,0.00,0.40,0.00,2.79,9.56,0.00,0.00,1.20,2.39,2.79,3.59,2.39,1.20,0.80,0.40,0.40,0.40,0.00,0.00,0.00,7.17,1.99,2.79,2.79,1.59,0.40,3.59,6.77,2.39,19.12,2.39,8.76,9.16,1.59,1.20,0.40,0.40,0.00,0.40,0.00,0.00,0.00,0.00,0.00,0.00,9.56,5.98,3.19,0.00,0.00,0.00,0.00,0.00,0.00,0.40,0.00,0.00
1007_1.txt,1,223,90.92,65.69,25.45,59.75,24.78,23.32,79.82,45.29,5.38,1.79,0.00,1.35,0.00,0.45,0.00,3.59,8.97,13.45,9.42,3.59,5.38,0.90,12.11,6.28,4.04,0.90,3.59,2.69,5.38,3.59,1.79,0.90,0.45,0.00,7.17,0.00,0.00,0.00,0.90,12.56,2.24,2.69,1.35,5.38,0.00,3.59,2.69,0.45,0.90,1.35,0.90,0.45,0.45,0.00,0.00,11.21,2.69,1.35,6.73,0.00,0.90,0.90,6.73,3.59,13.00,2.24,6.73,5.38,2.69,1.35,0.00,0.00,0.45,0.00,0.90,0.00,0.45,0.00,0.45,0.00,10.76,1.79,4.93,0.00,0.00,2.24,0.00,1.35,0.00,0.45,0.00,0.00
1007_2.txt,1,368,95.61,56.48,17.91,76.08,24.53,23.64,77.72,47.28,4.89,0.82,0.00,0.27,0.00,0.54,0.00,4.08,11.14,15.22,7.07,4.89,5.98,0.54,13.04,5.71,2.99,1.36,0.54,1.09,6.25,4.35,1.63,0.27,0.27,0.82,4.62,0.00,0.00,0.27,0.27,10.87,2.17,1.63,2.17,2.45,1.36,2.72,1.09,0.27,0.27,0.54,0.00,0.00,0.00,0.00,0.00,14.95,2.45,1.63,10.60,1.09,1.09,1.63,8.42,1.63,13.32,2.17,7.61,3.26,7.88,2.17,0.54,0.27,0.00,0.54,0.27,0.00,0.00,0.00,0.27,0.00,9.78,2.45,1.36,0.00,0.27,1.63,0.00,1.36,1.63,1.09,0.00,0.00
1007_3.txt,1,338,96.97,61.65,50.04,65.02,24.14,24.85,74.85,44.38,6.21,1.18,0.00,0.00,0.00,0.00,1.18,5.03,8.88,17.46,2.96,3.25,7.99,0.59,7.99,5.62,2.66,1.18,1.78,1.48,4.44,3.25,1.18,0.00,0.30,0.30,6.21,0.59,0.00,0.00,0.00,6.51,1.18,0.89,0.00,0.89,1.18,2.66,1.18,0.30,0.00,0.59,1.18,0.30,0.30,0.00,0.59,14.79,2.37,3.25,11.24,0.59,0.30,5.33,2.37,0.30,17.16,2.37,10.36,4.73,6.80,1.78,0.59,0.00,0.59,0.00,0.59,0.00,0.30,0.30,0.30,0.00,10.06,4.14,2.37,0.00,0.59,0.00,0.00,0.89,0.00,0.30,1.78,0.00
1007_4.txt,1,289,94.45,51.38,15.38,38.04,28.90,20.42,75.09,48.44,5.19,1.38,0.00,0.00,0.00,1.38,0.00,3.81,10.03,16.61,6.23,5.54,6.92,1.38,10.73,9.00,3.81,0.00,2.42,1.38,7.61,4.15,3.46,0.35,0.00,1.04,5.19,0.69,0.00,0.69,0.69,7.27,0.35,1.04,0.69,2.08,1.04,3.46,1.04,0.35,0.00,0.69,0.00,0.00,0.00,0.00,0.00,13.49,2.42,2.77,9.00,0.35,0.35,3.81,5.19,1.38,13.15,3.11,6.57,3.81,6.57,1.73,0.35,0.00,0.69,0.69,0.35,0.00,0.00,0.00,0.35,0.00,11.42,3.46,3.46,0.00,0.35,0.00,0.00,1.38,0.69,0.69,1.38,0.00
1008_1.txt,1,184,82.97,35.17,97.31,17.83,20.44,14.67,83.70,52.72,11.41,7.61,5.43,0.00,0.54,0.00,1.63,3.80,9.78,13.59,7.07,5.43,6.52,0.54,15.76,5.43,2.17,1.63,1.09,0.00,1.63,0.54,1.09,0.54,0.00,0.00,3.80,0.54,0.00,0.00,0.54,8.15,3.26,0.00,0.54,3.26,0.00,2.17,4.35,2.72,0.54,0.54,3.80,1.09,1.09,0.00,1.63,3.80,0.00,0.54,2.72,0.54,0.00,9.24,4.89,1.09,22.28,3.26,10.87,8.70,0.00,1.63,0.54,0.00,0.00,0.00,0.00,0.00,0.00,0.00,0.00,0.00,9.78,4.35,3.26,0.00,0.00,0.00,0.54,0.54,0.00,0.00,1.09,0.00
1008_2.txt,1,141,98.19,66.48,42.45,93.02,35.25,21.99,75.18,43.26,5.67,2.13,0.71,1.42,0.00,0.00,0.00,3.55,8.51,18.44,2.84,2.84,7.09,0.00,9.22,7.09,2.13,1.42,1.42,2.84,4.26,4.26,0.00,0.00,0.00,0.00,4.96,0.00,0.71,0.00,0.00,5.67,2.84,0.00,0.71,1.42,0.71,1.42,2.84,1.42,0.71,0.00,1.42,0.00,0.71,0.00,0.71,6.38,3.55,0.71,3.55,0.00,0.00,2.84,5.67,1.42,15.60,0.00,4.26,10.64,1.42,1.42,0.00,0.00,0.00,0.00,0.71,0.00,0.00,0.00,0.71,0.00,9.93,2.13,5.67,0.00,0.71,0.00,0.71,0.71,0.00,0.00,0.00,0.00
1008_3.txt,1,258,94.27,83.37,62.24,81.61,28.67,20.16,79.46,50.78,11.63,6.59,0.78,1.55,1.94,0.00,2.33,5.04,7.75,19.38,5.43,3.49,5.04,0.39,13.18,4.65,3.10,1.16,1.94,2.33,3.10,3.10,0.00,0.00,0.00,0.00,10.47,0.00,0.78,0.00,0.00,10.08,3.10,0.39,1.16,2.33,1.55,3.10,2.33,1.55,0.78,0.00,1.16,0.00,0.39,0.00,0.39,6.59,3.10,1.55,1.55,0.78,0.00,1.94,8.53,1.55,17.05,2.33,8.91,6.20,3.10,0.78,0.00,0.00,0.00,0.00,0.39,0.00,0.00,0.00,0.39,0.00,7.36,3.49,2.71,0.39,0.39,0.00,0.00,0.39,0.00,0.00,0.00,0.00
1008_4.txt,1,212,83.93,48.11,74.76,98.46,30.29,20.75,84.43,50.00,10.85,8.96,5.66,1.42,0.00,1.42,0.47,1.89,7.55,16.51,4.72,5.19,8.49,1.89,9.91,6.60,2.36,0.47,0.94,2.83,6.60,6.13,0.47,0.00,0.00,0.00,8.96,0.47,0.00,0.00,1.89,12.26,2.83,0.94,1.42,3.30,2.36,3.30,1.42,0.47,0.47,0.47,2.83,0.47,1.42,0.47,0.47,11.32,3.77,0.94,2.83,3.77,0.00,5.66,3.77,0.00,16.04,1.42,9.43,5.19,0.94,1.89,0.94,0.00,0.00,0.00,0.00,0.00,0.00,0.00,0.00,0.00,10.38,3.30,4.72,0.47,0.00,0.00,0.00,0.94,0.94,0.00,0.00,0.00
1009_1.txt,1,231,90.49,44.85,37.24,41.42,14.44,20.35,77.92,44.59,4.76,1.73,0.43,0.00,0.00,0.43,0.87,3.03,9.09,12.99,7.36,4.33,5.63,2.60,10.82,6.49,1.73,1.30,3.90,2.60,0.87,0.87,0.00,0.00,0.00,0.00,4.76,0.00,0.00,0.00,0.43,6.06,0.43,0.87,0.00,0.43,1.30,3.03,1.73,0.87,0.43,0.43,2.60,1.30,1.30,0.00,0.00,6.93,0.87,0.43,5.19,0.87,0.00,3.90,6.93,0.43,15.58,3.90,7.36,5.63,6.06,0.87,0.00,4.76,0.43,0.00,0.00,0.00,0.00,0.00,0.00,0.00,17.32,9.09,3.90,0.00,0.00,0.00,0.43,0.43,0.87,1.73,0.87,0.00
1009_2.txt,1,266,98.02,57.46,64.99,8.05,15.65,22.93,74.81,42.86,4.51,1.50,0.38,0.00,0.38,0.00,0.75,3.01,9.02,17.67,7.14,4.14,2.63,0.38,12.03,4.89,2.26,0.75,3.76,1.50,3.01,0.75,2.26,0.00,0.00,1.50,3.38,0.00,0.38,0.00,0.00,5.64,0.75,1.88,0.38,1.13,0.38,1.13,1.50,0.75,0.38,0.00,0.75,0.38,0.00,0.00,0.38,7.89,0.00,2.26,4.51,0.38,1.50,4.89,5.64,0.75,21.43,2.63,12.03,6.77,5.26,1.13,0.38,3.38,0.00,0.00,0.38,0.00,0.00,0.38,0.00,0.00,15.79,7.14,3.38,0.00,0.00,0.00,1.13,0.38,0.00,2.26,1.50,0.00
1009_3.txt,1,278,91.02,69.27,26.69,52.78,15.44,29.14,80.22,41.01,6.47,1.44,0.00,0.00,0.00,0.00,1.44,5.04,6.12,14.03,7.91,2.16,5.76,0.00,11.87,3.96,3.24,1.44,0.00,3.24,3.60,2.52,1.08,0.00,0.36,0.00,7.55,0.36,1.08,0.00,0.00,9.35,1.08,2.52,2.88,1.80,0.00,2.52,1.44,1.08,0.00,0.00,3.60,0.36,3.24,0.00,0.00,8.63,2.16,1.08,3.96,2.16,0.36,0.72,9.35,0.36,16.55,3.60,10.79,2.16,10.79,1.08,0.00,2.16,0.00,0.00,0.00,0.00,0.00,0.00,0.00,0.00,14.39,6.47,4.32,0.00,0.00,0.00,0.00,1.08,0.00,1.08,0.72,0.72
1009_4.txt,1,302,92.62,67.84,2.25,90.93,14.38,29.47,74.17,42.72,3.97,1.32,0.33,0.00,0.00,0.33,0.66,2.65,6.95,14.90,9.27,3.97,4.64,0.66,13.25,4.30,3.31,0.99,0.33,3.64,5.30,4.64,0.66,0.00,0.00,0.00,6.95,0.00,0.00,0.00,0.33,8.61,0.33,0.33,4.97,1.32,0.33,1.32,1.32,0.66,0.00,0.66,1.66,0.66,0.99,0.00,0.00,12.58,3.64,2.98,4.30,2.65,1.32,1.99,9.93,0.66,12.25,0.99,8.28,2.98,8.28,1.32,0.00,1.99,0.00,0.00,0.00,0.00,0.00,0.00,0.00,0.00,14.57,7.28,4.30,0.00,0.00,0.00,0.00,0.66,0.00,0.66,1.32,0.33
1010_1.txt,1,155,41.74,69.72,35.12,2.66,14.09,28.39,87.74,54.19,13.55,6.45,0.00,1.94,0.65,0.00,3.87,7.10,5.81,10.97,9.68,5.16,8.39,3.87,15.48,7.74,1.94,1.94,1.94,1.29,10.97,3.87,6.45,1.29,3.87,0.00,10.97,0.00,0.65,0.00,0.00,12.90,1.29,1.94,0.00,2.58,3.23,4.52,1.94,1.29,0.00,0.00,0.00,0.00,0.00,0.00,0.00,16.13,2.58,1.94,9.03,1.29,3.23,5.16,11.61,0.65,12.90,0.00,7.74,5.16,5.81,0.65,0.00,1.29,0.00,0.00,0.00,0.00,0.00,0.00,0.00,0.00,16.77,7.10,3.87,0.00,0.00,0.00,0.00,4.52,0.00,1.29,0.00,0.00
1010_2.txt,1,233,81.14,68.15,47.34,41.28,23.30,21.03,88.84,55.79,9.87,3.86,0.86,0.86,0.00,0.00,2.15,6.01,10.73,15.02,9.01,6.44,6.87,2.15,12.88,6.01,3.00,2.15,1.72,2.15,6.44,3.43,2.58,0.43,0.86,0.43,9.87,0.43,0.00,0.00,0.43,11.16,2.15,1.72,0.43,3.00,2.15,3.00,2.15,0.00,0.00,1.72,2.58,0.00,2.15,0.00,0.00,5.58,1.72,1.72,1.72,0.86,0.86,3.00,11.16,0.00,15.02,2.15,9.01,3.86,0.86,0.43,0.00,0.00,0.43,0.00,0.00,0.00,0.00,0.00,0.00,0.00,12.88,5.15,0.86,0.00,0.00,0.00,0.00,4.72,0.00,2.15,0.00,0.00
1010_3.txt,1,200,79.33,70.90,36.95,54.00,16.67,20.00,82.00,49.00,9.50,3.00,0.00,1.50,0.50,0.50,0.50,6.50,9.50,11.50,7.50,4.50,8.50,0.50,12.00,6.00,3.50,1.00,1.00,3.50,7.50,4.50,3.00,0.50,0.50,1.00,6.50,0.00,0.00,0.50,0.00,11.00,3.50,1.00,0.00,3.00,2.50,2.50,1.00,0.50,0.00,0.00,1.00,0.00,0.50,0.50,0.00,7.00,2.00,2.00,3.00,2.00,0.50,2.50,10.00,0.50,13.50,1.50,5.00,7.50,3.50,1.00,0.00,1.00,0.50,0.00,0.00,0.00,0.00,0.00,0.00,0.00,13.00,6.00,3.50,0.00,0.00,0.00,0.00,2.50,0.00,1.00,0.00,0.00
1010_4.txt,1,208,84.52,71.80,47.82,43.27,16.00,19.71,84.13,57.21,12.02,5.77,0.00,0.48,0.96,0.48,3.85,6.25,11.54,15.87,9.13,4.81,6.73,1.44,12.98,2.88,1.44,2.88,1.44,1.92,3.85,2.40,1.44,0.00,0.48,0.00,9.62,0.00,0.00,0.00,0.48,11.54,4.33,1.44,0.96,2.40,1.44,3.85,0.96,0.96,0.00,0.00,0.48,0.48,0.00,0.00,0.00,6.25,0.96,0.96,2.88,1.44,1.44,2.40,9.13,0.48,13.94,0.96,10.10,3.85,0.00,0.00,0.48,0.00,0.48,0.00,0.48,0.00,0.00,0.00,0.48,0.00,12.50,8.17,1.92,0.00,0.00,0.00,0.00,0.96,0.00,1.44,0.00,0.00
1011_1.txt,1,223,97.74,53.59,72.92,9.31,24.78,31.39,69.96,43.05,3.14,1.79,0.45,1.35,0.00,0.00,0.00,1.35,5.83,19.73,7.62,0.90,6.28,0.45,9.87,5.38,3.59,0.45,6.28,0.90,1.35,0.00,1.35,0.00,0.45,0.00,2.69,0.00,0.00,0.00,0.00,4.93,0.45,0.45,1.35,0.90,0.00,2.24,2.24,0.45,0.90,0.90,1.79,0.90,0.45,0.45,0.00,4.48,1.35,0.45,2.24,0.00,0.90,8.07,1.35,2.24,22.87,2.69,14.35,5.83,0.90,0.00,0.00,0.00,0.00,0.45,0.00,0.00,0.00,0.00,0.00,0.00,13.45,4.48,5.83,0.00,0.00,0.00,0.00,3.14,0.00,0.00,0.00,0.00
1011_2.txt,1,183,99.00,62.85,37.73,25.77,20.33,32.24,67.76,36.61,2.19,0.55,0.00,0.00,0.00,0.55,0.00,1.64,9.84,16.39,4.37,0.55,5.46,0.00,10.38,7.10,2.73,0.00,0.00,0.55,0.00,0.00,0.00,0.00,0.00,0.00,3.83,0.00,0.00,0.00,0.55,6.56,0.00,1.09,3.28,2.19,0.00,0.55,2.73,0.00,2.73,0.00,2.19,0.55,0.00,1.09,0.55,4.37,0.55,1.09,2.19,0.55,0.00,5.46,1.64,0.55,22.40,2.19,11.48,8.74,3.28,1.64,0.00,0.55,0.00,0.00,0.55,0.00,0.55,0.00,0.00,0.00,13.66,4.92,7.65,0.00,0.00,0.00,0.00,1.09,0.00,0.00,0.00,0.00
1011_3.txt,1,245,93.26,79.29,11.77,14.50,35.00,25.71,79.18,42.04,9.80,4.08,1.22,0.41,0.41,2.04,0.00,5.71,7.76,14.29,4.49,2.04,5.31,0.41,11.84,2.45,1.22,2.04,3.27,0.41,3.27,1.22,2.04,0.00,0.82,0.82,9.80,1.22,0.00,1.22,2.45,8.16,3.67,2.04,0.41,0.82,1.22,0.82,2.45,0.41,1.63,0.41,0.41,0.41,0.00,0.00,0.00,8.57,2.04,2.04,4.08,0.00,1.22,8.16,4.08,0.00,10.61,2.04,4.49,4.08,6.53,0.00,0.41,0.82,0.00,2.45,0.00,0.00,0.00,0.00,0.00,0.00,11.02,3.27,4.08,0.00,0.00,0.00,0.00,2.86,0.00,0.00,0.82,0.00
1011_4.txt,1,272,83.43,91.88,9.79,15.44,20.92,22.06,74.26,39.71,9.93,6.99,0.74,0.37,0.00,4.41,1.47,2.94,4.78,11.76,8.09,1.10,4.41,0.37,19.49,0.74,0.74,0.37,2.94,0.74,2.21,0.74,1.47,0.00,0.00,1.10,16.91,2.21,0.37,2.21,4.41,6.25,1.10,1.10,1.47,1.10,0.74,2.21,2.57,0.37,2.21,0.00,2.21,0.00,2.21,0.00,0.00,7.72,2.21,1.10,4.04,0.74,0.37,11.76,5.51,0.37,15.07,2.57,6.62,5.88,6.25,0.37,1.10,0.74,0.00,1.47,0.00,0.00,0.00,0.00,0.00,0.00,14.34,4.78,6.25,0.00,0.00,0.00,0.00,2.57,0.00,0.00,0.74,0.00
1012_1.txt,1,839,64.86,80.45,23.01,64.19,24.68,16.81,83.31,48.87,12.40,6.08,0.36,1.43,4.17,0.00,0.12,6.32,5.24,13.83,7.99,6.91,6.20,1.19,14.54,6.08,2.62,1.31,1.07,3.10,3.46,2.74,0.72,0.00,0.24,0.36,9.06,0.00,0.00,0.00,0.00,10.97,1.79,2.03,0.83,2.62,1.19,4.53,5.48,0.60,4.53,0.36,0.60,0.12,0.12,0.00,0.36,4.29,1.55,0.72,0.83,1.43,0.00,1.07,12.16,1.55,10.73,1.31,4.05,5.84,3.22,6.44,0.12,2.74,0.00,0.00,0.48,0.00,0.36,0.00,0.12,0.00,14.06,3.81,2.86,0.00,0.00,0.36,0.00,2.50,0.48,2.98,0.48,0.60
1012_2.txt,1,808,94.04,50.50,46.96,29.92,21.84,18.94,73.64,44.18,6.44,2.35,0.37,0.50,1.11,0.00,0.37,4.08,11.88,12.00,6.56,3.96,5.32,0.74,12.75,5.94,2.35,0.74,2.35,2.23,2.48,1.36,1.11,0.00,0.37,0.62,2.72,0.00,0.00,0.00,0.00,12.25,2.10,1.49,2.35,3.71,1.36,3.09,2.10,1.86,0.00,0.25,1.36,0.99,0.25,0.00,0.00,3.71,0.74,0.50,1.61,1.24,0.50,1.86,7.55,2.10,17.33,2.23,7.43,7.80,0.74,0.87,0.00,1.11,0.00,0.62,0.00,0.00,0.00,0.00,0.00,0.00,13.61,3.84,2.60,0.12,0.00,0.74,0.00,3.34,0.00,2.35,0.25,0.37
1012_3.txt,1,732,86.57,57.06,31.05,35.30,29.28,19.95,69.54,44.54,7.65,3.42,0.14,0.14,2.87,0.00,0.27,4.23,9.84,12.30,7.24,4.23,6.83,1.64,12.98,4.78,2.73,1.78,5.33,2.19,3.28,1.91,1.37,0.14,0.27,0.82,5.60,0.14,0.14,0.14,0.00,11.61,1.64,0.96,1.09,3.14,1.09,5.05,2.60,1.09,0.82,0.68,0.14,0.14,0.00,0.00,0.00,5.05,0.41,0.82,2.73,1.23,0.27,2.46,8.20,1.37,12.30,2.32,8.06,2.19,1.09,0.68,0.14,1.09,0.14,0.00,0.82,0.00,0.82,0.00,0.14,0.00,15.57,3.28,3.69,0.00,0.14,0.14,0.00,2.73,0.27,3.55,0.55,1.23
1012_4.txt,1,585,59.92,62.73,37.85,83.50,20.17,17.26,87.69,51.11,15.38,10.60,4.44,1.20,2.22,1.88,0.85,4.79,6.50,13.85,7.35,7.01,7.01,1.03,15.73,5.13,3.93,2.05,1.20,2.05,4.96,3.93,0.68,0.00,0.34,0.34,9.57,0.17,0.34,2.05,0.00,11.28,1.88,0.68,2.05,2.91,1.54,4.10,1.88,0.51,0.85,0.17,1.54,0.00,0.68,0.17,0.51,6.50,2.91,1.03,2.22,1.54,0.00,2.74,11.28,1.54,12.65,2.05,6.15,4.79,4.44,4.44,0.51,8.72,0.34,0.00,0.17,0.17,0.00,0.00,0.00,0.00,14.87,4.10,4.44,0.00,0.00,0.85,0.00,0.85,0.34,4.27,0.00,0.00
1013_1.txt,1,263,99.00,60.51,44.39,20.05,32.88,27.38,61.98,38.78,2.28,0.76,0.00,0.76,0.00,0.00,0.00,1.52,9.51,16.35,5.70,1.90,3.80,0.00,7.22,4.94,1.90,0.76,6.46,0.38,1.14,0.38,0.76,0.38,0.00,0.38,1.90,0.00,0.00,0.00,0.00,3.80,1.14,1.52,0.00,0.00,1.14,0.00,0.76,0.00,0.00,0.38,0.76,0.38,0.38,0.00,0.00,6.08,1.14,0.38,4.18,0.00,0.38,2.28,4.56,0.76,19.01,2.66,11.41,4.94,3.42,0.38,0.00,0.00,0.00,0.00,0.00,0.00,0.00,0.00,0.00,0.00,12.93,3.04,3.04,0.00,0.00,0.00,0.00,1.90,0.00,0.38,3.80,0.76
1013_2.txt,1,201,98.17,74.12,65.45,43.94,25.12,32.84,76.62,37.31,4.48,1.00,0.00,1.00,0.00,0.00,0.00,3.48,11.44,11.94,5.47,1.49,3.48,0.00,6.47,2.99,1.00,1.49,3.48,1.49,1.00,1.00,0.00,0.00,0.00,0.00,5.47,0.00,0.50,0.00,0.00,3.98,1.00,1.49,0.00,1.00,0.50,0.00,1.00,1.00,0.00,0.00,1.49,0.00,1.00,0.00,0.50,6.47,2.49,2.49,1.49,0.50,0.00,2.99,4.48,1.00,22.39,3.48,12.94,6.47,6.47,1.99,1.00,0.50,0.00,0.00,0.00,0.00,0.00,0.00,0.00,0.00,9.95,3.98,4.48,0.00,0.00,0.00,0.00,1.49,0.00,0.00,0.00,0.00
1013_3.txt,1,285,99.00,56.98,32.32,52.07,25.91,24.21,74.74,39.65,2.46,0.70,0.00,0.00,0.00,0.70,0.00,1.75,12.28,15.79,2.11,3.16,5.96,0.00,7.72,7.72,2.46,0.70,3.51,2.81,2.11,1.75,0.35,0.00,0.35,0.00,2.81,0.35,0.00,0.00,0.70,7.37,0.70,2.81,0.35,2.11,0.35,1.05,1.05,0.70,0.00,0.35,1.40,0.35,0.35,0.00,0.70,7.72,0.70,2.11,4.91,1.05,0.00,1.75,3.86,1.05,17.54,1.40,14.39,1.40,2.11,1.75,5.96,1.05,0.00,0.00,0.00,0.00,0.00,0.00,0.00,0.00,15.79,3.86,5.26,0.00,0.00,0.00,0.00,3.16,0.00,0.00,2.11,1.40
1013_4.txt,1,244,93.26,48.36,26.40,48.59,24.40,26.23,70.08,43.44,5.74,0.82,0.41,0.00,0.00,0.41,0.00,4.92,9.43,13.93,6.56,2.87,6.97,1.23,9.84,3.28,1.64,1.64,2.05,0.00,1.23,1.23,0.00,0.00,0.00,0.00,2.46,0.00,0.41,0.00,0.41,6.56,1.23,3.28,0.00,0.00,0.82,1.23,0.41,0.00,0.41,0.00,4.10,0.00,0.82,0.00,3.28,2.46,0.00,0.41,1.64,0.41,0.00,1.64,5.33,2.46,14.75,0.82,10.25,4.10,2.46,1.23,1.64,0.00,0.00,0.00,0.00,0.00,0.00,0.00,0.00,0.00,19.26,4.10,9.02,0.00,0.00,0.00,0.00,2.46,1.64,1.23,0.82,0.00
1014_1.txt,1,155,99.00,62.65,15.22,94.59,25.83,21.29,76.13,40.00,2.58,0.65,0.00,0.00,0.00,0.00,0.65,1.94,11.61,16.77,2.58,2.58,7.74,0.00,5.81,7.74,5.16,0.65,2.58,0.65,5.81,5.16,0.65,0.65,0.00,0.00,3.23,0.00,0.65,0.00,0.00,2.58,0.00,1.29,0.00,0.65,0.65,0.00,2.58,1.29,0.65,0.65,1.29,0.00,0.00,0.65,0.65,7.10,1.94,2.58,3.87,0.65,0.00,6.45,0.65,0.00,14.84,0.00,7.10,7.74,5.16,7.10,0.00,0.00,0.00,0.00,0.65,0.00,0.65,0.00,0.00,0.00,14.19,3.87,7.10,0.00,0.00,0.00,0.00,1.94,0.00,0.00,1.29,0.00
1014_2.txt,1,157,99.00,73.80,45.89,94.27,26.17,22.93,72.61,42.68,2.55,1.27,0.00,0.00,0.00,0.00,1.27,1.27,12.10,17.83,3.18,1.91,6.37,0.00,7.01,3.82,1.91,0.64,3.18,1.91,5.73,5.10,0.64,0.00,0.64,0.00,7.01,0.00,0.00,0.00,0.00,3.18,1.27,0.00,0.00,0.64,0.64,0.64,1.91,1.91,0.00,0.00,0.64,0.00,0.00,0.64,0.00,7.01,3.18,3.82,1.91,1.91,0.00,5.73,0.00,0.00,18.47,3.18,10.19,5.10,3.82,3.82,0.00,0.00,0.64,0.00,0.64,0.00,0.00,0.00,0.64,0.00,7.01,3.82,1.27,0.00,0.64,0.00,0.00,0.00,1.27,0.00,0.00,0.00
1014_3.txt,1,150,92.62,42.08,27.06,75.29,21.43,24.00,85.33,54.67,10.00,2.67,2.00,0.00,0.67,0.00,0.00,7.33,10.00,18.67,6.67,7.33,4.00,1.33,11.33,5.33,4.00,2.67,3.33,2.00,5.33,4.00,1.33,0.00,0.00,0.67,6.00,0.00,0.67,0.00,0.67,16.00,0.67,1.33,2.67,3.33,3.33,5.33,3.33,3.33,0.00,0.00,0.00,0.00,0.00,0.00,0.00,3.33,0.67,0.67,2.00,0.00,0.67,4.67,6.00,0.67,12.00,1.33,7.33,3.33,2.00,4.00,0.00,0.67,0.00,0.00,0.00,0.00,0.00,0.00,0.00,0.00,12.00,4.00,4.67,0.00,0.00,0.00,0.00,0.67,1.33,0.67,0.00,0.67
1014_4.txt,1,205,96.72,70.43,20.69,99.00,25.62,20.49,86.83,50.73,4.88,1.46,0.00,0.00,0.00,0.98,0.49,3.41,13.17,16.59,5.85,6.34,7.80,0.00,9.76,9.27,6.34,1.95,0.98,3.41,10.24,10.24,0.00,0.00,0.00,0.00,7.32,0.00,0.00,0.49,1.46,11.71,1.46,2.44,0.49,1.95,3.41,1.95,2.44,1.46,0.49,0.49,0.00,0.00,0.00,0.00,0.00,5.85,0.98,1.95,2.93,1.95,0.00,7.32,0.49,0.00,14.15,2.44,8.78,2.93,2.44,5.37,0.49,0.49,0.00,0.00,0.98,0.00,0.49,0.49,0.49,0.00,9.27,3.90,1.46,0.00,0.00,0.00,0.00,2.44,0.98,0.49,0.00,0.00
1015_1.txt,1,312,99.00,51.28,38.39,1.00,22.29,25.64,79.81,49.68,6.09,2.56,1.60,0.00,0.00,0.64,0.32,3.53,16.03,17.95,5.13,3.21,2.88,0.96,12.18,2.88,2.24,1.28,1.28,0.32,6.41,1.28,5.13,0.64,0.96,2.56,4.49,1.92,0.00,0.32,1.60,8.97,1.60,2.56,0.96,2.24,0.64,1.60,2.88,1.60,0.64,0.32,1.60,0.64,0.96,0.00,0.00,7.37,1.28,0.64,4.49,0.00,0.96,6.41,1.28,0.64,16.03,0.64,9.62,6.41,2.56,0.64,0.64,0.00,0.00,1.28,0.00,0.00,0.00,0.00,0.00,0.00,12.18,4.49,5.13,0.00,0.00,0.00,0.00,0.64,0.00,0.00,1.92,0.00
1015_2.txt,1,417,96.68,55.72,44.33,25.77,23.17,20.14,79.86,50.84,9.11,6.24,4.08,0.24,0.00,1.68,0.24,2.88,11.03,17.99,6.47,3.60,4.08,0.96,11.75,3.60,1.68,1.44,1.44,1.44,2.64,1.20,1.20,0.24,0.00,0.48,6.95,0.72,0.48,0.00,2.64,5.28,1.92,0.96,0.72,0.48,0.72,0.72,1.92,0.96,0.24,0.48,0.24,0.24,0.00,0.00,0.00,7.91,1.44,0.96,5.28,0.24,0.48,7.43,2.88,0.48,15.83,2.64,8.87,4.80,3.12,0.24,0.72,0.00,1.44,0.48,0.00,0.00,0.00,0.00,0.00,0.00,10.55,3.84,4.56,0.00,0.00,0.24,0.48,0.96,0.00,0.48,0.00,0.00
1015_3.txt,1,300,97.25,65.56,30.86,2.41,23.08,19.67,85.00,51.33,7.00,4.33,2.33,0.33,0.00,1.67,0.00,2.67,13.00,17.67,5.67,6.00,5.00,1.00,11.67,5.00,3.33,1.67,2.33,1.33,4.00,0.67,3.33,0.33,1.00,0.33,9.67,0.00,0.00,0.00,1.67,8.67,3.00,1.33,0.67,0.67,1.00,2.67,1.33,0.33,0.67,0.33,0.67,0.33,0.00,0.00,0.33,7.67,0.67,0.33,4.67,0.67,1.33,5.00,6.00,0.00,12.33,1.33,6.00,5.67,5.00,0.00,0.33,0.00,1.33,1.33,0.33,0.00,0.33,0.33,0.00,0.00,9.67,5.00,4.00,0.00,0.00,0.00,0.67,0.00,0.00,0.00,0.00,0.00
1015_4.txt,1,389,95.33,35.93,78.37,7.77,24.31,20.82,80.46,47.81,7.46,4.11,3.08,0.26,0.26,0.26,0.26,3.34,9.25,16.71,5.40,2.57,6.68,1.29,11.31,3.34,1.54,0.77,1.29,1.80,4.11,1.29,2.83,0.26,1.03,0.51,3.60,0.00,0.00,0.00,0.26,7.71,1.03,0.00,0.51,2.57,1.80,3.34,1.54,0.77,0.51,0.26,2.31,1.80,0.51,0.00,0.00,6.68,0.77,1.54,3.08,1.54,0.77,5.66,3.60,0.00,19.02,2.06,9.51,7.46,3.34,0.77,0.26,0.77,1.80,1.54,0.00,0.00,0.00,0.00,0.00,0.00,9.77,3.86,4.88,0.00,0.26,0.26,0.26,0.26,0.00,0.00,0.00,0.00
1016_1.txt,1,235,87.74,81.42,4.23,41.14,39.17,28.09,80.00,49.79,10.64,5.53,0.00,0.00,0.00,2.98,2.55,5.11,6.81,17.45,8.09,2.55,6.38,1.28,11.06,8.51,2.55,2.55,3.40,1.28,5.11,2.98,2.13,0.00,0.43,0.43,11.91,0.43,0.43,0.43,4.26,9.36,1.28,0.43,1.28,3.83,1.70,1.70,1.28,0.00,0.85,0.43,1.70,0.43,0.85,0.00,0.43,9.79,1.70,2.13,5.53,1.70,0.85,4.68,4.68,2.13,11.91,0.85,7.66,3.83,4.26,0.85,0.00,0.00,0.00,0.00,0.43,0.00,0.00,0.00,0.43,0.00,16.60,2.55,11.91,0.43,0.00,0.00,0.00,0.85,0.00,0.00,0.85,0.00
1016_2.txt,1,190,82.45,54.20,16.95,95.69,27.14,21.05,77.89,47.37,9.47,5.26,2.11,0.00,0.53,1.58,1.05,4.21,8.95,11.58,7.89,3.16,5.26,2.63,14.74,4.21,0.53,1.05,2.63,0.53,5.26,4.74,0.00,0.00,0.00,0.00,10.00,1.58,0.00,1.58,2.11,11.05,1.05,1.05,1.05,4.21,0.53,4.74,4.74,1.05,2.11,1.58,0.00,0.00,0.00,0.00,0.00,6.84,1.05,1.05,3.68,1.58,0.00,2.63,11.05,1.58,10.00,1.05,3.16,5.79,3.68,1.05,0.53,0.00,0.53,1.05,0.00,0.00,0.00,0.00,0.00,0.00,13.16,3.16,5.79,1.05,0.00,0.53,0.00,2.63,0.00,0.00,0.00,0.00
1016_3.txt,1,179,96.50,61.01,1.00,77.23,44.75,23.46,74.30,48.60,7.26,3.35,0.00,0.00,0.00,2.23,1.12,3.91,10.61,16.76,6.70,1.68,5.59,1.68,9.50,4.47,2.23,1.12,1.68,0.56,7.26,5.03,2.23,0.00,0.56,0.56,7.82,1.68,0.00,1.68,2.23,7.82,1.12,1.12,1.12,1.12,0.56,3.35,1.68,1.68,0.00,0.00,1.68,0.56,1.12,0.00,0.00,11.17,0.56,5.59,8.38,2.79,1.12,1.68,7.26,0.00,3.91,0.00,2.23,1.68,5.03,0.00,0.00,1.12,0.56,0.56,1.12,0.00,0.00,0.56,0.56,0.00,10.61,2.79,7.26,0.00,0.00,0.00,0.00,0.56,0.00,0.00,0.00,0.00
1016_4.txt,1,286,97.09,73.55,3.99,77.29,20.43,19.58,71.33,45.45,6.64,4.20,0.00,1.75,0.00,2.10,0.35,2.45,9.09,18.18,6.99,1.75,5.59,0.70,10.14,5.59,3.50,1.05,4.55,1.75,4.90,3.50,0.70,0.00,0.35,0.00,8.39,1.05,0.00,1.05,2.10,8.04,2.45,0.70,1.40,1.05,0.70,3.15,1.05,0.35,0.35,0.35,1.75,0.70,1.05,0.00,0.00,10.14,2.80,1.40,4.90,1.05,0.70,1.75,7.34,1.75,8.39,0.35,6.99,1.05,4.90,1.05,0.00,0.00,0.35,0.00,0.00,0.00,0.00,0.00,0.00,0.00,9.79,4.55,3.50,0.35,0.00,0.35,0.00,0.35,0.00,0.00,0.70,0.00
1017_1.txt,1,221,90.35,60.71,39.84,82.48,24.56,22.62,81.45,47.06,8.14,1.36,0.00,0.45,0.00,0.00,0.90,6.79,7.69,15.38,8.60,2.71,6.33,0.00,12.22,4.07,1.81,2.71,3.17,4.07,4.07,3.62,0.45,0.45,0.00,0.45,4.98,0.00,0.00,0.00,0.00,12.67,2.71,1.81,0.45,5.43,2.26,2.71,0.45,0.45,0.00,0.00,0.00,0.00,0.00,0.00,0.00,8.14,0.45,2.26,4.52,1.81,0.00,2.26,9.95,1.81,14.48,0.45,9.05,4.98,8.60,0.00,0.00,0.90,0.00,0.00,0.90,0.00,0.45,0.00,0.45,0.00,9.95,5.43,2.71,0.45,0.00,0.45,0.00,0.45,0.00,0.00,0.00,0.45
1017_2.txt,1,263,88.96,80.90,7.95,54.40,15.47,24.33,78.71,46.77,8.37,3.80,0.00,3.04,0.00,0.00,0.76,4.56,9.51,12.55,8.75,4.18,4.18,0.38,11.03,4.18,0.00,3.42,7.22,2.28,4.56,3.04,1.52,0.00,0.00,0.38,7.22,0.00,0.00,0.00,0.00,9.89,2.28,3.04,1.52,1.52,1.90,1.14,0.00,0.00,0.00,0.00,0.38,0.38,0.00,0.00,0.00,14.83,3.42,2.28,8.37,1.52,1.52,3.80,8.37,0.76,10.65,0.76,7.22,2.66,11.41,0.38,0.00,3.42,0.38,0.00,0.76,0.00,0.76,0.00,0.00,0.00,17.11,7.22,6.46,0.00,0.38,1.52,0.00,0.00,0.76,0.38,0.00,0.38
1017_3.txt,1,256,92.50,57.74,35.37,19.91,23.27,28.91,80.08,42.58,5.47,1.56,0.00,0.39,0.00,0.39,0.78,3.91,9.77,11.72,8.59,2.34,4.30,1.56,14.84,5.86,1.56,1.95,0.78,1.95,2.73,1.17,1.56,0.00,0.39,0.39,4.30,0.00,0.39,0.00,0.39,9.38,2.73,2.73,0.39,1.95,1.17,1.17,1.95,0.78,0.78,0.39,0.39,0.39,0.00,0.00,0.00,8.98,1.17,2.34,4.69,0.39,0.78,2.73,8.59,2.73,15.62,2.34,8.98,5.47,11.72,0.39,0.00,1.17,0.00,0.00,0.00,0.00,0.00,0.00,0.00,0.00,13.28,3.91,7.81,0.39,0.00,0.78,0.00,0.39,0.00,0.00,0.00,0.00
1017_4.txt,1,453,88.12,68.63,20.77,59.20,25.17,21.85,82.56,44.59,8.61,3.53,0.66,0.88,0.00,1.10,0.88,5.08,10.15,11.04,6.18,3.53,6.18,1.10,13.02,3.75,2.21,1.55,1.32,3.31,4.42,3.09,1.32,0.22,0.22,0.00,7.95,0.22,0.00,0.00,1.10,10.38,1.99,2.21,1.10,2.87,1.10,1.99,2.87,0.00,2.21,0.22,0.22,0.00,0.00,0.00,0.22,8.61,1.55,1.77,3.75,1.32,0.44,5.74,6.62,2.43,13.69,2.65,5.74,5.30,9.71,0.88,0.00,0.44,0.00,0.00,0.66,0.22,0.00,0.00,0.44,0.00,12.14,5.08,6.40,0.00,0.00,0.00,0.00,0.66,0.00,0.00,0.00,0.00
1018_1.txt,1,214,78.69,55.57,75.99,92.67,16.46,19.63,84.58,47.66,12.15,5.14,2.34,0.47,0.47,0.00,1.87,7.01,9.35,10.75,8.41,3.27,5.14,0.93,14.49,8.88,1.87,1.40,1.40,3.74,5.14,4.67,0.47,0.00,0.00,0.00,9.81,0.00,0.47,0.00,0.00,12.62,1.87,0.93,1.40,3.74,1.40,6.07,1.87,1.40,0.47,0.00,0.93,0.47,0.00,0.00,0.47,10.75,4.21,0.47,5.61,0.93,0.00,3.74,8.41,2.80,16.36,2.34,6.54,7.94,5.14,3.74,0.00,0.47,0.47,0.00,0.47,0.00,0.00,0.47,0.00,0.00,13.55,6.07,4.67,0.00,0.00,0.00,0.00,1.87,0.00,0.47,0.00,0.47
1018_2.txt,1,190,69.82,64.39,21.74,65.65,14.62,22.11,82.63,47.37,6.84,3.16,0.00,0.00,0.00,2.11,1.05,3.68,7.37,10.53,10.00,5.26,7.89,1.58,13.68,7.37,3.16,2.63,2.11,3.68,5.26,3.68,1.58,0.00,0.00,1.05,9.47,0.00,0.00,0.00,3.16,10.00,2.11,2.63,0.00,3.16,0.53,3.68,1.58,1.58,0.00,0.00,0.00,0.00,0.00,0.00,0.00,8.95,2.11,1.58,6.32,0.53,1.05,6.32,8.95,0.53,12.63,1.05,4.74,6.32,5.79,2.11,0.00,1.05,1.05,0.00,0.53,0.53,0.53,0.00,0.00,0.00,10.00,6.32,2.11,0.00,0.00,0.53,0.00,0.00,0.00,1.05,0.00,0.00
1018_3.txt,1,208,28.63,73.40,21.89,89.84,17.33,23.08,88.94,50.96,12.50,4.81,0.00,1.92,1.44,0.00,1.44,7.69,4.33,8.65,12.50,5.77,7.69,3.37,18.27,5.29,2.40,1.92,0.96,5.29,7.69,5.77,1.92,0.48,0.96,0.00,12.02,0.00,0.00,0.96,0.00,10.58,0.00,2.88,0.48,2.40,0.96,5.77,1.44,0.96,0.48,0.00,0.48,0.00,0.00,0.00,0.48,13.94,4.81,0.96,6.25,0.96,1.44,3.37,12.02,1.44,11.06,2.88,4.81,3.37,4.81,2.88,0.00,2.88,2.88,0.00,0.00,0.00,0.00,0.00,0.00,0.00,9.62,5.77,1.44,0.00,0.00,0.00,0.00,0.96,0.00,0.96,0.00,0.48
1018_4.txt,1,218,81.77,66.03,4.81,76.61,12.82,17.43,81.19,46.79,8.26,3.21,0.00,0.00,0.92,1.83,0.46,5.05,11.47,9.17,8.72,2.29,7.80,1.83,13.30,6.42,1.83,0.46,0.92,2.29,5.50,4.13,1.38,0.00,0.46,0.92,10.09,0.46,0.00,0.00,2.75,16.06,1.38,2.29,2.29,3.67,4.59,5.05,0.92,0.92,0.00,0.00,0.00,0.00,0.00,0.00,0.00,10.09,3.67,2.75,4.59,0.92,0.46,1.38,10.09,2.75,8.72,1.83,4.59,1.83,4.13,2.75,1.38,0.00,0.00,0.00,0.92,0.00,0.92,0.00,0.00,0.00,12.84,9.17,0.92,0.00,0.00,0.46,0.92,0.46,0.00,0.92,0.00,0.00
1019_1.txt,1,765,93.85,65.27,13.96,1.00,27.32,25.23,80.00,49.67,9.02,2.35,0.13,0.13,0.00,0.78,1.31,6.67,10.33,15.82,6.67,3.27,5.49,1.05,10.72,3.79,2.22,2.35,1.31,2.22,6.54,1.05,5.49,0.13,2.61,0.39,7.45,0.00,0.00,0.52,1.18,9.41,3.14,1.18,0.92,1.96,0.78,2.48,1.05,0.13,0.39,0.39,1.57,0.39,0.26,0.92,0.00,9.15,0.13,1.18,6.41,0.92,1.83,1.96,7.71,0.26,10.46,1.18,7.19,2.61,2.88,0.13,0.39,0.13,0.26,0.00,0.26,0.00,0.00,0.26,0.00,0.00,10.33,3.66,3.53,0.00,0.00,0.00,0.00,0.26,1.57,1.18,0.00,0.13
1019_2.txt,1,823,97.89,60.08,27.97,62.63,30.48,28.68,77.40,47.63,6.08,1.94,0.00,0.00,0.00,1.34,0.61,4.13,10.57,17.86,5.10,2.92,5.59,1.22,8.14,2.92,2.07,0.97,1.58,1.70,5.10,3.52,1.58,0.61,0.61,0.36,7.17,0.24,0.00,0.36,1.34,9.60,2.92,1.22,0.49,1.70,0.85,3.40,2.07,0.36,0.49,1.22,0.73,0.24,0.24,0.00,0.24,8.87,0.97,1.58,4.86,0.49,1.34,2.79,5.10,0.61,13.00,1.70,7.29,4.01,5.22,0.97,0.61,1.34,0.00,0.00,0.24,0.00,0.00,0.12,0.12,0.00,12.52,3.04,5.35,0.00,0.00,0.24,0.00,0.61,0.73,1.58,0.97,0.00
1019_3.txt,1,877,91.90,71.57,26.42,40.08,25.79,26.23,82.10,50.29,7.98,2.17,0.00,0.00,0.00,1.03,1.14,5.82,9.35,16.53,8.44,4.45,5.36,1.03,11.63,5.70,2.96,2.05,1.60,3.08,4.56,2.62,1.82,0.57,0.91,0.11,10.26,2.74,0.00,1.25,0.68,11.63,2.74,1.03,0.80,3.42,1.48,3.53,1.03,0.46,0.23,0.11,0.34,0.11,0.11,0.11,0.00,9.46,2.74,2.05,3.99,1.03,0.34,2.05,9.24,1.71,12.77,1.37,7.18,4.33,4.10,0.91,0.46,0.57,0.11,0.00,0.00,0.00,0.00,0.00,0.00,0.00,10.95,3.88,4.45,0.23,0.34,0.00,0.00,0.46,0.68,0.91,0.00,0.00
1019_4.txt,1,753,87.01,62.02,32.80,19.80,20.92,24.44,79.28,47.28,8.37,2.79,0.27,0.93,0.13,0.80,0.66,5.58,7.70,15.01,7.97,5.44,4.91,1.20,13.28,5.05,3.19,1.73,1.86,2.39,4.65,1.99,2.39,1.06,0.13,0.00,6.77,1.33,0.00,0.80,0.40,10.62,2.79,1.20,0.80,2.26,1.46,3.32,2.66,1.20,0.53,0.66,1.20,0.53,0.66,0.00,0.00,7.84,1.59,1.20,3.59,0.53,1.33,2.39,8.50,0.27,13.55,1.20,7.57,5.05,3.05,0.80,0.27,0.27,1.20,0.00,0.13,0.00,0.00,0.13,0.00,0.00,14.74,4.78,3.72,0.13,0.00,0.13,0.00,0.66,3.45,1.33,0.27,0.27
1020_1.txt,1,241,86.68,46.68,59.26,88.81,24.10,20.33,83.40,47.72,9.13,2.90,0.00,0.00,0.41,2.07,0.41,6.22,8.30,15.35,4.56,5.39,7.88,2.07,12.03,6.64,3.73,1.24,4.15,2.49,3.73,3.73,0.00,0.00,0.00,0.00,6.22,0.00,0.00,2.07,0.00,11.62,2.07,2.07,0.83,2.07,1.24,5.39,1.66,0.00,0.41,0.00,6.22,0.00,0.41,0.00,5.39,2.90,1.24,0.83,0.83,0.41,0.00,6.22,6.64,0.41,17.84,0.83,10.79,5.81,2.90,0.41,0.83,2.07,0.00,0.00,0.41,0.00,0.00,0.41,0.00,0.00,12.45,4.15,3.73,0.00,0.00,0.00,0.00,1.24,0.83,2.49,0.00,0.00
1020_2.txt,1,232,73.71,60.22,11.50,90.13,23.20,27.16,81.47,49.57,10.34,6.47,1.29,0.00,0.00,4.31,0.86,3.88,6.03,14.22,6.90,4.31,9.48,1.29,12.50,5.60,3.45,1.72,1.72,1.29,3.88,3.88,0.00,0.00,0.00,0.00,8.62,0.86,0.43,4.31,0.00,12.93,1.29,2.59,0.86,3.45,3.45,3.45,3.02,0.00,0.43,1.72,8.62,0.86,0.00,0.00,7.76,4.74,1.29,2.59,0.00,0.86,0.00,6.03,6.47,0.00,12.93,2.16,6.90,4.31,3.02,1.72,0.43,1.29,0.00,0.00,0.43,0.00,0.00,0.00,0.43,0.00,11.21,4.31,3.88,0.00,0.00,0.00,0.00,0.43,0.00,1.72,0.00,0.86
1020_3.txt,1,257,91.26,63.70,18.24,69.76,18.36,23.35,84.44,46.30,8.56,5.06,1.17,0.00,0.00,3.50,0.39,3.50,10.12,13.23,4.28,4.67,7.39,0.39,14.01,3.50,1.95,0.78,3.50,1.56,3.11,2.72,0.39,0.00,0.00,0.00,5.84,0.00,0.00,3.11,0.39,7.00,2.33,1.17,1.17,1.17,0.39,0.78,0.39,0.00,0.00,0.00,3.89,0.39,0.39,0.00,3.11,7.39,0.00,2.72,4.28,0.78,0.00,8.17,4.67,0.00,15.95,2.72,5.45,8.17,8.56,2.72,0.78,2.33,0.39,0.00,0.00,0.00,0.00,0.00,0.00,0.00,10.12,5.45,1.95,0.00,0.00,0.00,0.00,1.17,0.00,0.78,0.00,0.78
1020_4.txt,1,236,96.14,66.42,32.17,98.96,29.50,27.54,78.81,41.53,6.36,3.39,0.42,0.00,2.12,0.00,0.85,2.97,8.47,14.83,4.66,2.54,5.51,0.42,9.75,4.66,1.69,0.42,5.08,2.12,6.78,6.36,0.42,0.00,0.42,0.00,6.78,0.00,0.42,0.42,0.00,9.75,1.27,1.69,0.42,2.12,1.69,3.81,5.93,0.85,0.85,2.12,7.20,1.27,0.42,0.00,5.51,4.66,1.69,2.12,1.27,1.27,0.00,3.39,6.36,0.85,13.14,2.12,8.05,2.97,2.97,1.27,0.42,1.69,0.00,0.00,0.00,0.00,0.00,0.00,0.00,0.00,12.71,3.81,5.93,0.00,0.00,0.00,0.00,0.42,0.00,0.85,0.85,0.85
1021_1.txt,1,107,96.61,82.50,2.65,95.39,21.40,26.17,81.31,39.25,5.61,3.74,0.00,0.00,1.87,1.87,0.00,1.87,11.21,12.15,7.48,0.93,4.67,0.00,11.21,8.41,2.80,0.93,1.87,0.93,6.54,5.61,0.93,0.00,0.93,0.00,7.48,1.87,0.00,1.87,1.87,6.54,0.00,0.00,0.00,0.93,5.61,0.00,0.00,0.00,0.00,0.00,0.00,0.00,0.00,0.00,0.00,5.61,0.93,0.00,3.74,0.93,0.00,5.61,5.61,0.00,11.21,1.87,1.87,7.48,3.74,0.93,0.93,0.00,12.15,0.00,0.00,0.00,0.00,0.00,0.00,0.00,10.28,4.67,2.80,0.00,0.00,0.00,0.00,1.87,0.00,0.00,0.00,0.93
1021_2.txt,1,119,98.82,86.27,13.15,25.77,23.80,26.89,70.59,38.66,6.72,3.36,0.00,0.00,0.00,3.36,0.00,3.36,10.92,14.29,3.36,0.84,3.36,0.00,5.04,4.20,3.36,3.36,0.00,0.84,3.36,1.68,1.68,0.00,0.00,0.84,11.76,3.36,0.84,1.68,4.20,1.68,0.00,0.00,0.00,0.00,0.84,0.84,0.00,0.00,0.00,0.00,1.68,0.00,0.84,0.00,0.84,9.24,4.20,0.84,4.20,0.00,0.00,6.72,0.84,0.00,16.81,1.68,9.24,6.72,3.36,0.84,1.68,0.00,4.20,0.00,0.00,0.00,0.00,0.00,0.00,0.00,15.13,5.88,7.56,0.00,0.00,0.00,0.00,1.68,0.00,0.00,0.00,0.00
1021_3.txt,1,161,93.26,80.77,18.08,88.74,32.20,23.60,67.08,37.27,7.45,3.11,0.00,0.00,0.00,1.86,1.24,4.35,6.83,12.42,4.35,2.48,3.73,1.24,8.07,7.45,3.11,1.86,0.62,1.24,3.73,3.73,0.00,0.00,0.00,0.00,12.42,1.86,1.24,1.86,1.86,3.11,0.00,0.00,0.62,0.00,0.00,2.48,1.24,0.00,1.24,0.00,0.62,0.00,0.62,0.00,0.00,12.42,4.35,0.00,7.45,0.62,0.00,8.07,0.00,0.62,15.53,2.48,10.56,3.11,3.73,3.73,0.62,0.00,0.62,0.00,0.62,0.00,0.00,0.00,0.62,0.00,18.01,3.73,6.83,0.00,6.21,0.00,0.00,1.24,0.00,0.00,0.00,0.00
1021_4.txt,1,161,99.00,77.19,6.28,48.84,23.00,27.95,68.32,39.13,4.97,1.86,0.00,0.00,0.00,1.86,0.00,3.11,14.29,17.39,1.86,0.62,2.48,0.00,4.97,1.86,1.86,1.24,9.94,0.00,1.24,1.24,0.00,0.00,0.00,0.00,7.45,0.00,0.00,0.00,1.86,0.62,0.62,0.00,0.00,0.00,0.00,0.00,0.00,0.00,0.00,0.00,0.62,0.62,0.00,0.00,0.00,3.73,0.00,0.62,3.11,0.00,0.00,4.35,0.62,0.00,13.04,1.24,3.73,6.21,13.66,0.00,0.00,0.00,0.00,0.00,0.00,0.00,0.00,0.00,0.00,0.00,16.77,4.97,10.56,0.00,0.00,0.00,0.00,0.00,0.00,0.00,1.24,0.00
1022_1.txt,1,229,93.26,62.03,4.67,9.61,16.36,37.55,79.48,41.05,3.93,0.87,0.00,0.00,0.00,0.44,0.44,3.06,6.11,15.28,7.86,1.31,6.99,1.31,8.73,4.80,3.06,0.44,0.00,3.49,5.68,2.18,3.49,0.87,0.87,0.87,7.86,0.00,0.00,0.00,0.44,11.79,2.62,2.18,0.87,3.06,2.18,3.49,0.00,0.00,0.00,0.00,0.00,0.00,0.00,0.00,0.00,16.59,3.06,1.75,8.30,3.49,1.31,0.00,8.73,1.31,6.11,0.00,4.37,1.31,4.80,0.44,0.00,1.31,0.00,0.00,0.00,0.00,0.00,0.00,0.00,0.00,14.85,4.80,6.99,0.00,0.00,1.75,0.00,0.44,0.87,0.00,0.00,0.00
1022_2.txt,1,188,96.96,60.50,13.43,55.87,31.33,35.11,70.74,41.49,6.38,0.53,0.00,0.53,0.00,0.00,0.00,5.85,6.38,17.55,3.19,1.60,7.45,0.00,7.45,6.38,3.72,0.53,2.66,2.66,2.66,2.13,0.53,0.53,0.00,0.00,3.19,0.00,0.00,0.53,0.00,8.51,1.60,1.60,1.60,0.53,2.13,1.06,0.53,0.00,0.53,0.00,0.53,0.00,0.53,0.00,0.00,6.91,0.53,2.66,3.19,2.13,0.00,0.53,5.85,0.00,13.30,1.06,9.57,2.66,5.32,0.00,1.06,0.53,0.00,0.00,0.00,0.00,0.00,0.00,0.00,0.00,17.55,3.19,8.51,1.06,0.00,0.00,0.00,1.06,0.00,0.53,3.19,0.00
1022_3.txt,1,168,87.62,66.17,5.33,10.67,28.00,33.93,80.36,41.07,5.36,1.19,0.00,0.60,0.00,0.00,0.60,4.17,6.55,12.50,6.55,1.79,8.33,1.79,11.90,5.95,2.38,0.60,0.60,4.17,4.76,1.79,2.98,1.19,0.60,0.60,8.33,0.00,0.00,1.19,0.00,13.69,2.98,1.19,2.98,2.98,2.38,2.98,0.60,0.00,0.00,0.00,0.00,0.00,0.00,0.00,0.00,17.86,3.57,2.38,9.52,1.19,2.98,1.79,7.74,0.60,8.33,0.60,5.95,1.79,7.74,0.00,0.00,0.60,0.00,0.00,0.00,0.00,0.00,0.00,0.00,0.00,11.31,3.57,6.55,0.60,0.00,0.00,0.00,0.60,0.00,0.00,0.00,0.00
1022_4.txt,1,249,99.00,71.31,41.30,40.18,24.90,37.75,77.51,39.76,2.81,0.40,0.00,0.40,0.00,0.00,0.00,2.41,6.43,20.08,3.61,0.80,7.23,0.40,7.63,6.43,4.02,0.00,0.00,1.61,4.02,2.41,1.61,0.40,0.00,0.00,7.23,0.00,0.00,0.40,0.00,8.03,2.01,2.81,0.80,0.40,0.40,1.61,0.40,0.40,0.00,0.00,0.80,0.00,0.80,0.00,0.00,14.46,1.61,4.02,7.23,2.81,0.80,0.00,5.22,1.20,16.87,0.80,13.65,1.61,7.23,0.40,0.00,1.20,0.00,0.00,0.40,0.00,0.00,0.00,0.40,0.00,11.24,4.02,4.82,0.00,0.00,0.00,0.00,2.41,0.00,0.00,0.00,0.00
1023_1.txt,1,199,90.59,85.44,10.79,72.78,22.11,25.13,76.38,48.24,10.05,5.53,1.51,3.02,0.50,0.50,0.00,4.52,8.54,16.08,5.53,7.04,4.02,0.50,11.06,5.03,2.51,1.51,0.00,3.02,3.52,3.02,0.50,0.00,0.50,0.00,10.55,0.00,0.00,0.00,0.50,10.05,2.01,2.51,2.51,2.01,0.00,1.51,3.52,3.02,0.50,0.00,0.50,0.00,0.00,0.00,0.50,7.04,3.52,1.01,1.51,1.51,0.00,2.51,8.04,1.01,11.56,1.51,5.53,4.52,2.51,0.50,0.00,0.00,0.50,0.00,1.01,0.00,0.00,0.00,0.50,0.00,14.07,4.52,5.03,1.01,0.50,0.00,0.00,0.00,0.00,0.00,3.02,0.00
1023_2.txt,1,180,80.54,52.22,26.45,57.28,30.00,30.00,82.22,46.67,6.67,2.22,1.11,0.56,0.00,0.00,0.56,4.44,8.33,12.22,8.33,3.89,8.89,1.67,15.00,2.78,2.78,1.67,1.67,2.22,2.78,2.22,0.56,0.00,0.00,0.00,6.11,0.00,0.00,0.00,0.00,12.78,2.22,5.00,1.11,1.67,0.00,3.33,6.67,1.11,5.56,0.00,0.00,0.00,0.00,0.00,0.00,7.22,1.67,2.22,1.67,2.22,0.00,1.67,14.44,0.56,11.67,1.67,5.56,4.44,3.33,0.00,0.00,0.00,0.56,0.00,1.11,0.00,1.11,0.56,0.00,0.00,21.67,3.33,4.44,0.56,0.00,0.00,0.00,0.00,0.00,0.00,3.33,10.00
1023_3.txt,1,368,90.67,60.72,25.88,35.25,24.53,30.71,77.17,49.18,11.41,4.62,0.54,0.54,0.00,0.54,2.99,6.79,8.97,15.76,5.16,4.89,5.16,0.54,9.24,4.89,2.72,2.99,0.82,1.36,2.72,1.63,1.09,0.00,1.09,0.00,6.79,0.00,0.00,0.00,0.54,12.50,2.17,3.53,0.54,2.99,1.63,3.53,3.80,0.27,3.53,0.00,0.00,0.00,0.00,0.00,0.00,4.89,1.09,1.09,2.17,0.27,0.54,2.17,5.98,0.54,11.96,1.90,7.88,2.72,4.35,0.27,0.27,0.00,0.27,0.00,0.27,0.00,0.00,0.27,0.00,0.00,11.68,3.80,4.08,0.54,0.00,0.27,0.00,0.00,0.00,0.00,1.63,1.36
1023_4.txt,1,265,92.15,87.12,7.72,74.90,24.09,27.92,81.13,50.94,10.94,6.79,1.51,3.77,0.00,1.13,0.38,4.15,8.68,17.74,6.42,4.15,5.28,0.75,12.83,2.26,1.51,1.89,1.13,1.13,3.40,3.02,0.38,0.00,0.38,0.00,10.94,0.00,0.75,0.00,1.13,10.19,1.51,3.02,3.40,1.13,1.13,1.13,2.26,0.38,1.51,0.00,0.75,0.00,0.38,0.38,0.00,11.32,4.91,1.89,2.64,3.02,0.38,2.26,7.92,2.26,12.83,0.75,8.68,3.40,5.66,0.38,0.00,0.00,0.38,0.00,0.00,0.00,0.00,0.00,0.00,0.00,9.06,4.15,2.26,0.38,0.00,0.00,0.00,0.00,0.00,0.00,1.51,0.75
1024_1.txt,1,157,89.76,67.21,17.05,9.92,31.40,32.48,78.34,43.31,6.37,1.27,0.00,1.27,0.00,0.00,0.00,5.10,4.46,16.56,7.64,1.27,7.64,1.27,12.10,1.91,0.64,0.64,1.27,2.55,8.92,3.82,5.10,0.64,0.64,0.64,5.73,0.00,0.00,2.55,0.00,10.83,2.55,2.55,0.64,0.64,4.46,1.27,0.64,0.64,0.00,0.00,1.27,0.64,0.64,0.00,0.00,8.28,2.55,1.27,0.00,0.00,4.46,2.55,8.92,0.00,12.10,0.00,8.92,2.55,1.91,0.00,0.00,0.64,0.00,0.00,0.00,0.00,0.00,0.00,0.00,0.00,12.74,3.18,5.73,0.00,0.00,0.00,0.00,0.64,0.00,1.91,1.27,0.00
1024_2.txt,1,160,91.34,64.63,51.67,36.79,26.67,23.75,81.88,47.50,3.75,1.88,0.00,0.62,0.00,0.00,1.25,1.88,6.88,16.88,7.50,6.25,6.88,1.25,11.88,3.75,1.25,1.25,1.88,0.62,5.62,3.12,2.50,0.62,0.62,0.00,6.88,0.62,0.00,1.25,0.00,8.75,1.25,1.25,1.88,2.50,0.62,2.50,1.25,0.62,0.00,0.00,1.88,0.62,1.88,1.25,0.00,5.62,0.62,0.62,1.25,0.00,3.75,2.50,10.00,0.62,19.38,2.50,6.88,11.25,3.12,0.00,0.00,0.62,0.00,0.00,0.00,0.00,0.00,0.00,0.00,0.00,14.38,3.75,6.25,0.00,0.00,0.00,0.00,0.62,0.00,2.50,1.25,0.00
1024_3.txt,1,163,92.67,75.03,41.00,16.93,27.17,34.36,78.53,43.56,3.68,1.23,0.00,1.23,0.00,0.00,0.00,2.45,6.13,15.95,6.75,5.52,6.13,0.61,9.20,1.23,0.61,1.84,1.23,0.00,3.07,1.23,1.84,0.00,0.61,0.00,7.36,0.00,0.00,2.45,0.00,8.59,1.23,3.68,0.61,0.61,1.84,1.23,0.61,0.61,0.00,0.00,1.23,0.00,0.61,0.61,0.00,8.59,3.07,2.45,1.84,0.00,1.84,3.68,3.68,1.23,17.79,0.61,9.82,6.75,5.52,0.00,0.00,1.23,0.00,1.23,0.00,0.00,0.00,0.00,0.00,0.00,10.43,3.68,4.91,0.00,0.00,0.00,0.00,1.84,0.00,0.00,0.00,0.00
1024_4.txt,1,181,42.06,86.54,4.01,25.77,20.11,28.18,87.29,48.62,10.50,4.42,0.00,2.76,0.55,0.00,1.10,6.08,3.87,10.50,8.29,6.08,11.05,2.21,15.47,1.10,1.10,2.21,1.66,1.10,8.84,4.42,4.42,0.55,0.55,0.00,12.15,0.00,0.00,3.31,0.00,13.26,4.42,2.76,2.76,0.55,1.66,2.21,1.10,1.10,0.00,0.00,1.66,0.00,1.66,0.00,0.00,11.60,4.42,4.97,1.66,0.55,1.10,0.55,13.81,1.10,6.63,0.00,3.31,3.31,6.08,0.00,0.00,0.55,0.00,0.00,0.55,0.00,0.00,0.00,0.55,0.00,14.92,3.87,7.18,0.00,0.55,1.10,0.00,1.10,1.10,0.00,0.00,0.00
